320
417
2488
1915
572
1456
3637
340
3502
303
907
3036
1408
3696
806
363
2797
1417
1460
1965
2284
311
578
893
925
1026
2435
549
1624
212
629
1196
1957
2751
1725
394
2417
2540
3373
3376
786
411
1657
1991
3998
1179
3329
758
3966
1040
2221
2345
774
123
397
589
620
3040
3740
3751
848
3691
825
849
986
1731
2847
3351
857
1282
1709
2072
2188
2688
3481
781
409
1985
2650
755
2405
1447
254
446
543
2522
2748
3113
3251
3388
3162
1367
1960
2024
2565
2916
429
487
898
1589
2515
2663
591
1714
1790
2450
2569
2763
3796
293
2167
2979
3654
