320
417
2488
1915
572
1456
3637
340
3502
303
907
3036
1408
3696
806
363
2797
1417
1460
1965
2284
863
3511
311
578
893
925
1026
2435
2355
2451
2634
549
1624
212
629
1196
1957
2751
1725
394
2417
2540
3373
3376
786
411
1657
1991
3998
1179
3329
2795
3326
2492
2524
2702
3543
156
2227
758
3966
3455
1040
2221
2345
774
215
354
390
1049
1713
1825
2139
2290
2403
2855
3495
3957
3001
3239
123
397
589
620
3040
3740
3751
2679
343
606
985
1720
3547
410
575
1291
1317
1955
3192
3907
3402
219
1318
1954
2231
3526
834
848
3691
537
798
2918
825
849
986
1731
2847
3351
857
1282
1709
2072
2188
2688
3481
781
409
1985
2650
755
418
2405
323
1129
2331
1447
254
446
543
2522
2748
3113
3251
3388
719
3162
1367
1960
2024
2565
2916
485
742
744
3869
328
627
3185
429
487
898
1589
2515
2663
1866
240
338
805
1153
1272
2195
2406
3431
3665
87
2219
1704
3482
146
264
2578
2994
513
1219
2496
3077
591
1714
1790
2450
2569
2763
3796
293
2167
2979
3654
1999
2665
2676
3837
191
204
646
745
2618
1928
1377
1905
