320
417
2488
1915
179
572
1456
3637
340
3502
303
907
3036
1408
3696
806
363
2797
1417
1460
1965
2284
311
578
893
925
1026
2435
2355
2451
2634
151
1725
394
2417
2540
3373
3376
786
411
1657
1991
3998
1179
3329
2795
3326
2492
2524
2702
3543
156
2227
758
3966
3455
1040
2221
2345
774
123
397
589
620
3040
3740
3751
219
1318
1954
2231
3526
848
3691
537
798
2918
825
849
986
1731
2847
3351
857
1282
1709
2072
2188
2688
3481
781
409
1985
2650
755
418
719
3162
1367
1960
2024
2565
2916
119
485
742
744
3869
328
627
3185
87
2219
1704
3482
146
264
2578
2994
513
1219
2496
3077
1935
293
2167
2979
3654
1999
2665
2676
3837
191
204
646
745
2618
1928
