320
417
2488
1915
303
907
1408
3696
806
363
2797
1417
1460
1965
311
893
925
1026
2435
216
2355
2451
2634
967
961
1116
1403
151
1725
394
2417
2540
3373
3376
411
1657
1991
3998
3329
2795
2492
2524
156
2702
3543
2227
758
3966
3455
1040
2221
2345
774
158
3112
1825
2139
2290
2403
2855
3495
3041
2679
1285
1048
848
3691
1082
150
537
798
2918
825
849
986
1731
2847
3351
1673
857
1282
2072
2688
3481
1072
781
355
418
2741
2405
254
543
2522
3113
3251
719
2743
3162
1367
1960
2024
2565
2916
346
485
744
3869
627
3185
429
487
898
1589
2515
2663
87
2219
3372
2578
513
1219
591
2450
2569
293
2167
2979
3654
1999
2665
3837
191
204
646
745
2618
1928
