320
417
2488
1915
572
1456
3637
340
3502
303
907
3036
1408
3696
806
363
2797
1417
1460
1965
2284
779
216
3635
311
893
925
1026
2435
2355
2451
2634
967
549
629
1196
2751
1725
394
2417
2540
3373
3376
411
1657
1991
3998
3329
2795
2492
2524
156
2702
3543
2227
758
3966
3455
1040
2221
2345
774
215
1825
2139
2290
2403
2855
3495
123
397
3740
3751
2679
660
2674
1285
421
3096
596
222
426
834
301
1752
2027
2765
848
3691
1082
537
798
2918
528
825
849
986
1731
2847
3351
1966
262
2073
1673
857
1282
2072
2688
3481
1072
781
2650
355
418
2741
2405
254
543
2522
3113
3251
719
2743
446
3162
1367
1960
2024
2565
2916
485
744
3869
627
3185
429
487
898
1589
2515
2663
240
338
805
3431
87
2219
1704
3482
3372
2578
513
1219
591
1790
2763
2450
2569
293
2167
2979
3654
1999
2665
3837
191
204
646
745
2618
1928
