320
417
2488
1915
179
572
1456
3637
340
3502
303
907
3036
1408
3696
806
363
2797
1417
1460
1965
2284
311
893
925
1026
2435
216
2355
2451
2634
1197
151
1725
394
2417
2540
3373
3376
411
1657
1991
3998
3329
2795
2492
2524
156
2702
3543
2227
758
3966
3455
1040
2221
2345
774
123
397
3740
3751
848
3691
537
798
2918
825
849
986
1731
2847
3351
528
1966
262
2073
857
1282
2072
2688
3481
781
2650
355
418
2741
719
2743
3162
1367
1960
2024
2565
2916
119
485
744
3869
627
3185
87
1704
3482
3372
2578
513
1219
1935
591
2450
2569
293
2167
2979
3654
1999
2665
3837
191
204
646
745
2618
1928
