HostID	Host_Mstar	Host_Sersic	SatID	Sat_Mstar	Sat_pos
25	102898288222.9626	nan	320	10659242873.377262	[-3.78763733e+01 -4.27582339e+00 -2.49947596e+04]
25	102898288222.9626	nan	417	2240376707.855013	[ 8.47114039e+00  1.28236822e+02 -2.48839517e+04]
25	102898288222.9626	nan	2488	80481827.07970503	[    33.93267822    -61.10745006 -24829.31696187]
25	102898288222.9626	nan	1915	641330368.4013014	[-168.53068882   15.05708172  -78.29309673]
21	117857531042.91524	5.937300884240355	179	21165945172.735462	[-33.07343467 -16.6500205   13.55120223]
21	117857531042.91524	5.937300884240355	572	2436730257.8150363	[-118.00385237  123.28857614  -59.35177644]
21	117857531042.91524	5.937300884240355	1456	111337145.22621618	[ 156.7443435   127.00663433 -132.15276754]
21	117857531042.91524	5.937300884240355	3335	11854057.405597841	[125.55450506   2.84650586  96.10724516]
21	117857531042.91524	5.937300884240355	3510	10219593.467421241	[ 7.13157492 20.54563499 86.33146223]
21	117857531042.91524	5.937300884240355	3637	289884068.93961287	[118.90687575 170.2926165  167.81015959]
21	117857531042.91524	5.937300884240355	340	8827823214.910313	[-149.02633327    6.88710097   24.97286434]
21	117857531042.91524	5.937300884240355	3502	32046919.438122146	[-297.78094415  -23.6307269   -17.32812479]
23	86272219016.69829	43.29881899781922	311	8186159853.522704	[ 23.60249099  49.08565815 209.73628575]
23	86272219016.69829	43.29881899781922	893	1790194095.714419	[-134.59760416   22.33836032  -59.54628205]
23	86272219016.69829	43.29881899781922	925	623418607.110303	[  37.28379398   72.05737906 -139.96886308]
23	86272219016.69829	43.29881899781922	1026	269571378.0605806	[ -73.58654507 -124.36012254 -216.03876029]
23	86272219016.69829	43.29881899781922	2435	229595646.10604832	[-149.06136427  122.44193761  197.51975093]
16	188444750803.13803	5.98310031294443	549	935236431.5995215	[ -29.08354967  210.51718618 -155.70403818]
16	188444750803.13803	5.98310031294443	629	2067110806.1125534	[-138.90622039    3.1944903    45.51714918]
16	188444750803.13803	5.98310031294443	1196	558893753.5841546	[   2.09159331 -179.73044841  151.350094  ]
16	188444750803.13803	5.98310031294443	2751	87351894.30107288	[  68.72114454 -224.78396202   31.27582733]
26	117679621280.76695	5.549374573651542	151	20787644130.56471	[ 126.50449981 -109.73207939  -28.26683277]
26	117679621280.76695	5.549374573651542	1725	337708987.7620176	[ 18.72721402 -27.12167828 -82.60053309]
28	77814358888.47896	45.90218734650668	394	5326171408.381636	[ -4.6374337   76.87964171 -67.96668167]
28	77814358888.47896	45.90218734650668	2417	312041130.1937943	[ 18.04632346  76.3836201  -81.30227328]
28	77814358888.47896	45.90218734650668	2540	81617598.95141067	[  3.99157975 -53.84522574 -51.50574363]
28	77814358888.47896	45.90218734650668	3373	29431792.28493669	[143.70590077 -96.74193312 -30.98039663]
28	77814358888.47896	45.90218734650668	3376	439589488.2756349	[ 35.22814255  -0.70453492 -15.90351839]
37	60588426398.767	12.409103812602716	411	5822771983.523019	[  8.51003548  74.91918189 -68.72899749]
37	60588426398.767	12.409103812602716	1657	27045568.54316534	[104.03679159 -37.06761117 -94.63075256]
37	60588426398.767	12.409103812602716	1991	24912622.78052544	[-15.92938853 286.7799332   12.71044146]
37	60588426398.767	12.409103812602716	3998	142843944.8573798	[-35.65243258 -47.40759475 -61.82573791]
32	76981332249.4997	1.3831036631051947	57	52089409115.18858	[167.42368256 -37.91476402 -57.74123209]
32	76981332249.4997	1.3831036631051947	2492	75557091.61012562	[153.3559681   34.91304282  84.58451408]
32	76981332249.4997	1.3831036631051947	2524	206332333.25978714	[ 143.03890376  -37.53172577 -138.28481889]
32	76981332249.4997	1.3831036631051947	156	18078626133.86601	[ 40.08523354  13.09712788 175.01947646]
32	76981332249.4997	1.3831036631051947	2227	49576000.11888784	[ -71.0213534  -194.91020188   68.82629915]
32	76981332249.4997	1.3831036631051947	2702	69807873.30562541	[128.77064593 153.16590311  39.37111647]
32	76981332249.4997	1.3831036631051947	3543	55231219.932944626	[ 125.07318158 -118.41982266  120.49004453]
32	76981332249.4997	1.3831036631051947	3795	16036328.72909655	[ 95.50641877 -27.62187316  -2.02541901]
38	73252433871.98828	2.668087978185771	758	1357774807.455164	[-102.32416551   69.78911478  232.45102924]
38	73252433871.98828	2.668087978185771	3966	39982609.55091065	[  82.15162733   98.12844216 -151.27390252]
19	129352556207.37599	nan	123	11983478926.913485	[-238.58259738  146.26955113  -18.87403158]
19	129352556207.37599	nan	397	8049486910.483081	[-20.20042179 -90.53925842 -86.10715785]
19	129352556207.37599	nan	3486	14361119.223903207	[  50.2668772   -38.14094984 -158.91095477]
19	129352556207.37599	nan	3740	142748925.86302844	[ 93.52243303 -18.35877823  82.13560493]
19	129352556207.37599	nan	3751	37080092.781513125	[214.49256596 131.98329228 -11.49326628]
29	79152135540.27214	3.2063851768861293	825	1718404613.3569627	[-76.54532535  51.52601023 -26.08015901]
29	79152135540.27214	3.2063851768861293	849	375098671.0304763	[  -2.87791303 -116.1343375   -19.17556118]
29	79152135540.27214	3.2063851768861293	986	791105503.4917579	[  36.93545925 -125.3155546   129.62518122]
29	79152135540.27214	3.2063851768861293	1731	155364099.74823886	[  39.7478604  -222.87763515  181.42960818]
29	79152135540.27214	3.2063851768861293	2847	220550018.74677244	[  16.60191905 -114.23553238  -47.45312948]
29	79152135540.27214	3.2063851768861293	3351	104314746.90243085	[-54.36772223  47.34958314  25.91528076]
27	101494976719.80847	7.855076414091557	61	30264875540.780598	[-115.09881507   78.29799196 -246.98046782]
27	101494976719.80847	7.855076414091557	857	2673607430.5742483	[  8.25734703 -23.18251202  52.93641702]
27	101494976719.80847	7.855076414091557	1282	320757149.5186952	[-159.12661862   13.9955193   102.23249279]
27	101494976719.80847	7.855076414091557	2072	263615495.278567	[ 28.74632965 -12.85430455 -15.43039799]
27	101494976719.80847	7.855076414091557	2688	204619776.42707834	[  -9.73644862  107.96374356 -115.93909684]
27	101494976719.80847	7.855076414091557	3481	51887069.07305607	[ -14.09028649   22.49742879 -287.37964076]
20	155681550788.76422	3.589546605140704	2650	112769359.19222082	[181.62556549  -5.86587732 200.19693547]
17	140694938710.00974	77.92268711912175	254	12009995800.941408	[  87.93505282 -134.63918301  -31.28101541]
17	140694938710.00974	77.92268711912175	543	4202711746.4399204	[  -3.83218147 -109.54138185   95.40492788]
17	140694938710.00974	77.92268711912175	2522	324469242.09805995	[-33.36371972 -60.64991009  36.20221853]
17	140694938710.00974	77.92268711912175	3113	21638790.39945218	[-185.12641237   84.66606767   47.0415421 ]
17	140694938710.00974	77.92268711912175	3251	148266609.86246526	[  16.43755309 -153.49908808   63.13287318]
34	63719996643.262985	3.57533039523514	3162	41077603.76786604	[  37.04669374   92.95645587 -150.59923935]
31	76518175090.24307	2.2215781424561563	119	27359074646.53853	[ 24.58421557  47.01843485 -43.23236301]
31	76518175090.24307	2.2215781424561563	485	3633698288.008845	[ 98.1200609  -45.34986292  19.00612922]
31	76518175090.24307	2.2215781424561563	744	801138657.0208814	[-154.59813991   35.57550232   88.44179677]
31	76518175090.24307	2.2215781424561563	3869	102166143.05117878	[63.05972747 -8.00954822 -6.38346464]
31	76518175090.24307	2.2215781424561563	627	1332385679.984092	[ -75.99094005   51.71208414 -215.11511733]
31	76518175090.24307	2.2215781424561563	3185	100541681.32928291	[-1.22338300e+02 -1.38292274e-01 -1.40602953e+02]
18	105357615230.77673	nan	429	7162164107.851244	[ 67.97378904 129.01118326  15.20250323]
18	105357615230.77673	nan	487	5564687984.565936	[-95.97324796 -90.7259614   -2.21035263]
18	105357615230.77673	nan	898	1567997584.0600638	[-64.12090292 -53.26292199 166.68706507]
18	105357615230.77673	nan	1589	671262049.1623319	[ 74.50368066  55.62813956 -42.4250024 ]
18	105357615230.77673	nan	2515	27043481.78356065	[ 146.83765524 -245.03429307  -73.18026779]
18	105357615230.77673	nan	2663	579439471.7355385	[ 37.24538671  53.23003065 -33.88587948]
30	72031432050.18669	4.547073994681007	54	44279278735.407455	[ 170.47853921  130.97690538 -149.17435582]
30	72031432050.18669	4.547073994681007	87	37655545792.16899	[-54.88846133 114.81193466 -29.53416412]
22	145606286995.03793	4.588839158768347	2578	30175955.488595877	[-177.63126075   49.42482278  228.93666502]
22	145606286995.03793	4.588839158768347	513	4160275338.908796	[  3.79908371 121.5493529  -19.43768913]
22	145606286995.03793	4.588839158768347	1219	109745851.1921244	[-252.19673641   74.76623992   18.45125036]
40	64971872804.29447	9.080921667168473	591	1413631856.1183295	[183.67747894 207.25821725 -28.04570359]
40	64971872804.29447	9.080921667168473	2444	11646252.673722101	[116.63441139  63.28023807 174.25782846]
40	64971872804.29447	9.080921667168473	2450	117354953.25817853	[-95.31156719 -86.85242501 -91.74769027]
40	64971872804.29447	9.080921667168473	2569	182612200.17970204	[ 71.78600609  21.72271457 103.80904105]
24	100619088994.07574	nan	293	9262105882.411308	[ -1.29507135  18.72627288 132.22220815]
24	100619088994.07574	nan	2167	139396710.92050332	[-62.05994117  61.21696144 189.45545367]
24	100619088994.07574	nan	2979	282047081.4998909	[ 76.18173425  -5.06515338 -42.13850529]
24	100619088994.07574	nan	3654	125753558.89255513	[ 35.65148649 109.32266655  12.34486625]
33	52329213269.14785	5.698136537618188	1999	75259378.28548428	[-20.57494267 249.9020862  -61.50857435]
33	52329213269.14785	5.698136537618188	2665	438077165.85986644	[-13.54728247 -32.76102091  11.39795315]
33	52329213269.14785	5.698136537618188	3837	53191086.637327	[ -4.49314614 142.97123012  -6.42174637]
